265 AAAAAG 2670 1.452520 0.0000000000 17.439195 
264 TAAAAA 2521 1.436997 0.0000000000 20.621689 
279 TTTATT 2445 1.193431 0.0000000000 25.825801 
280 TTATTT 2050 0.679599 0.0000000000 15.367317 
270 GAAGAT 2004 0.581994 0.0000000000 28.154314 
267 AAAGAA 1952 0.546297 0.0000000000 12.845574 
278 ATTTAT 1851 0.488862 0.0000000000 13.742716 
317 GATCGC 1782 0.419438 0.0000568076 3.859600 
262 ATTAAA 1828 0.398631 0.0000000000 8.306897 
253 ATCCTG 1784 0.337116 0.0000000000 28.075327 
259 GGTATT 1779 0.307600 0.0000000000 27.557320 
263 TTAAAA 1709 0.291125 0.1649495226 0.974317 
292 CTGTTC 1750 0.283909 0.0000000000 23.900066 
266 AAAAGA 1693 0.244448 0.0000000009 6.011028 
246 ACCTGG 1651 0.202758 0.0000000000 31.200955 
241 GAAAGA 1659 0.202729 0.0000000000 13.661619 
321 GCACTG 1689 0.199965 0.0000000000 9.052127 
268 AAGAAG 1703 0.199268 0.0000000000 20.547987 
233 CGGCTT 1615 0.121960 0.1079082956 1.237729 
239 GAGAAA 1563 0.095959 0.0000000000 10.904221 
229 TTGTCG 1607 0.091476 0.0014541465 2.977283 
289 GATCTG 1554 0.073677 0.0000000000 16.673133 
310 TTATTA 1591 0.053012 0.0000000000 21.866861 
228 TTTGTC 1483 -0.082965 0.1540408415 1.019256 
240 AGAAAG 1413 -0.087938 0.0000000000 11.690596 
291 TCTGTT 1394 -0.110001 0.0000000000 12.421641 
281 TATTTA 1427 -0.115024 0.0000000000 16.663230 
277 TATTTA 1427 -0.115024 0.0000000000 16.663230 
261 TATTAA 1377 -0.139847 0.0000000000 14.395354 
323 ACTGCC 1357 -0.146808 0.0000000000 9.989671 
269 AGAAGA 1349 -0.158512 0.0000000000 19.851851 
231 GTCGGC 1359 -0.165735 0.6235616698 -0.314849 
256 CTGGGT 1375 -0.227619 0.0000000000 17.919316 
322 CACTGC 1300 -0.264325 0.2281875030 0.744829 
227 CTTTGT 1278 -0.277711 0.7609236914 -0.709277 
254 TCCTGG 1233 -0.310145 0.0000000000 14.467005 
318 ATCGCA 1301 -0.310698 1.0000000000 -12.151604 
316 GGATCG 1255 -0.319497 0.2210372009 0.768695 
245 GACCTG 1230 -0.328370 0.0000000000 15.357731 
302 GTGATC 1227 -0.349215 0.0000384966 3.953676 
226 ACTTTG 1185 -0.402455 0.9977592498 -2.842126 
230 TGTCGG 1214 -0.411267 0.4428759461 0.143682 
293 TGTTCT 1200 -0.430034 0.0000000002 6.257033 
255 CCTGGG 1160 -0.440530 0.0000000000 10.170064 
247 CCTGGG 1160 -0.440530 0.0000000000 10.170064 
306 TCTCTT 1209 -0.443156 0.0000000000 18.728867 
301 TGTGAT 1098 -0.464772 1.0000000000 -7.089735 
326 GCCCTG 1170 -0.472854 0.1321933931 1.116083 
299 ATTGTG 1142 -0.501484 1.0000000000 -14.541665 
298 TATTGT 1127 -0.509745 0.1924472204 0.868913 
304 GATCTC 1135 -0.523043 0.0000000000 12.794217 
286 AGAGAT 1116 -0.537865 0.0000000000 14.974349 
271 AAGATC 1101 -0.558793 0.0012653811 3.019655 
257 TGGGTA 1102 -0.564606 0.0000000000 11.699081 
305 ATCTCT 1113 -0.565863 0.0000000000 18.010382 
242 AAAGAC 1104 -0.591513 0.0939630149 1.316740 
249 TGGGAT 1040 -0.619258 0.9999941796 -4.384381 
287 GAGATC 1033 -0.642232 0.0000000000 7.625730 
232 TCGGCT 1004 -0.645491 0.9999999974 -5.841453 
250 GGGATC 1020 -0.649104 0.0307789522 1.869466 
303 TGATCT 1022 -0.649915 0.0320035740 1.852129 
276 CTATTT 964 -0.652968 0.9485207594 -1.630677 
258 GGGTAT 997 -0.659480 0.0000000000 8.629341 
320 CGCACT 969 -0.731302 1.0000000000 -9.493803 
300 TTGTGA 973 -0.731589 1.0000000000 -12.983540 
309 CTTATT 876 -0.731796 0.9999949194 -4.413893 
290 ATCTGT 964 -0.739695 0.0820934579 1.391127 
238 TGAGAA 942 -0.742035 0.9999997980 -5.067386 
248 CTGGGA 976 -0.747476 0.0014417149 2.979914 
260 GTATTA 922 -0.767879 0.0000000000 7.179438 
324 CTGCCC 922 -0.778955 0.9999933040 -4.353767 
252 GATCCT 929 -0.786101 0.0000000016 5.924486 
315 AGGATC 863 -0.841749 0.0135879010 2.208982 
234 GGCTTG 875 -0.857531 1.0000000000 -18.756870 
235 GCTTGA 882 -0.864736 1.0000000000 -17.104353 
237 TTGAGA 856 -0.900612 1.0000000000 -7.174392 
319 TCGCAC 747 -0.974933 1.0000000000 -18.655537 
308 TCTTAT 757 -1.002115 0.8117393795 -0.884324 
288 AGATCT 700 -1.045023 0.3037844523 0.513547 
272 AGATCT 700 -1.045023 0.3037844523 0.513547 
297 CTATTG 632 -1.066778 1.0000000000 -12.218801 
296 TCTATT 650 -1.143376 0.9999988898 -4.732500 
275 TCTATT 650 -1.143376 0.9999988898 -4.732500 
325 TGCCCT 663 -1.158882 1.0000000000 -12.492641 
295 TTCTAT 642 -1.179394 0.9999997415 -5.020214 
243 AAGACC 622 -1.193116 0.9999999972 -5.825973 
282 ATTTAG 599 -1.226389 1.0000000000 -14.050755 
236 CTTGAG 554 -1.237377 1.0000000000 -13.574624 
274 ATCTAT 566 -1.272649 0.9999999945 -5.715369 
251 GGATCC 494 -1.295031 1.0000000000 -13.448262 
244 AGACCT 484 -1.355721 0.9871078235 -2.229443 
285 TAGAGA 431 -1.404833 0.9970502832 -2.753325 
311 TATTAG 436 -1.442257 1.0000000000 -8.971746 
294 GTTCTA 435 -1.446854 1.0000000000 -8.990537 
283 TTTAGA 365 -1.552915 1.0000000000 -17.587456 
307 CTCTTA 331 -1.564321 1.0000000000 -10.505206 
312 ATTAGG 309 -1.620799 1.0000000000 -18.685592 
273 GATCTA 292 -1.631739 1.0000000000 -13.844180 
284 TTAGAG 291 -1.633694 1.0000000000 -13.788993 
314 TAGGAT 201 -1.672366 1.0000000000 -18.001960 
313 TTAGGA 205 -1.762526 1.0000000000 -19.175263 
